‚778¹ DIOSCO'RIDIS

111011111Μς11111117111101 7117111011Ἡ771 71114111 ,1110 (1107111Μ111ἶ1

ζ1111317111111111111117711711117111711117117711171777 1711117111·
117717, 11111711 11777177 171117 [71117711 1111111111 1111111 7777 1111 1111171711,
7711171717 111711111177111111111 111111 11171771 11777110 111
(111117111111111111111117,7,77 (7717 1111111117 1111·
1111111711111111711117177771111111111111111711 7111111117111111.
. Samesa' 7111171717171117171777 „prz 771 1111111171ὸ 771111117111111111171.
11191 [1111111111 7177711111 11:61 7171171111 1117171111
111771111111177111111171777771771171

111111711101711711111 1117111111 111111, ,

17111 7711771711Τ1711717110171111717111117 ,71 ,7 ·. [7
11117,(9“11ν17111711]1111 1117111711 1,(711171711 1111111177 111177 171171 11.
(11711717 71 7171711177 77111111611111 1711171717, 17 7111111111-
1111711111 fita 71717117711717171 111717 ¹ ,77
1171111111111111117171117111171711111771-71711171,
111111117111111111771111117111771, “l =
1711111171 ores 1171177111771111 77, 5³¹³

1111114 1114171117117771711111,ο171

1171111117117177171171 17711117

1111 117171711117117 71111111

1111111111] 1171111171 711 111111 1171117 7
111171117177111171117711 7711 ’1 11·

11117111 111117 1111111171711,

111119111111117771171

,071111711117 71171171,

1171111717117117Γ 7171117

11111771 11171· (711717771177711771711111

117117117117111 ’711171111771111771 77171171
177111711117111717 11714 7111171177 111111111711711 (7
Pr„ ’1117117611 11111177), 111117171117 11111171711171117·

11111111771’11117,(177111171 1711171177111711 1111771177 ,
’ 717111

 

